g IL_Table_sh_5
v 1.293421E-05 -0.004150867 0.1197645
v 0.1126708 -0.004150867 0.04060575
v -1.2815E-05 -0.004150867 -0.1197645
v 1.293421E-05 0.004150987 0.1197645
v 0.1126708 0.004150987 0.04060575
v -0.1126707 -0.004150867 -0.04060575
v -0.1126707 0.004150987 -0.04060575
v -1.2815E-05 0.004150987 -0.1197645
v 1.293421E-05 -0.004150867 0.1197645
v 1.293421E-05 -0.004150867 0.1197645
v 1.293421E-05 -0.004150867 0.1197645
v 1.293421E-05 -0.004150867 0.1197645
v 0.1126708 -0.004150867 0.04060575
v 0.1126708 -0.004150867 0.04060575
v 0.1126708 -0.004150867 0.04060575
v -1.2815E-05 -0.004150867 -0.1197645
v -1.2815E-05 -0.004150867 -0.1197645
v -1.2815E-05 -0.004150867 -0.1197645
v -1.2815E-05 -0.004150867 -0.1197645
v 1.293421E-05 0.004150987 0.1197645
v 1.293421E-05 0.004150987 0.1197645
v 1.293421E-05 0.004150987 0.1197645
v 1.293421E-05 0.004150987 0.1197645
v 0.1126708 0.004150987 0.04060575
v 0.1126708 0.004150987 0.04060575
v 0.1126708 0.004150987 0.04060575
v -0.1126707 -0.004150867 -0.04060575
v -0.1126707 -0.004150867 -0.04060575
v -0.1126707 -0.004150867 -0.04060575
v -0.1126707 0.004150987 -0.04060575
v -0.1126707 0.004150987 -0.04060575
v -0.1126707 0.004150987 -0.04060575
v -1.2815E-05 0.004150987 -0.1197645
v -1.2815E-05 0.004150987 -0.1197645
v -1.2815E-05 0.004150987 -0.1197645
v -1.2815E-05 0.004150987 -0.1197645
vt 0.458856 0.8241626
vt 0.458856 0.8241626
vt 0.458856 0.8241626
vt 0.458856 0.8241626
vt 0.458856 0.8241626
vt 0.458856 0.8241626
vt 0.458856 0.8241626
vt 0.458856 0.8241626
vt 0.458856 0.8241626
vt 0.458856 0.8241626
vt 0.458856 0.8241626
vt 0.458856 0.8241626
vt 0.458856 0.8241626
vt 0.458856 0.8241626
vt 0.458856 0.8241626
vt 0.458856 0.8241626
vt 0.458856 0.8241626
vt 0.458856 0.8241626
vt 0.458856 0.8241626
vt 0.458856 0.8241626
vt 0.458856 0.8241626
vt 0.458856 0.8241626
vt 0.458856 0.8241626
vt 0.458856 0.8241626
vt 0.458856 0.8241626
vt 0.458856 0.8241626
vt 0.458856 0.8241626
vt 0.458856 0.8241626
vt 0.458856 0.8241626
vt 0.458856 0.8241626
vt 0.458856 0.8241626
vt 0.458856 0.8241626
vt 0.458856 0.8241626
vt 0.458856 0.8241626
vt 0.458856 0.8241626
vt 0.458856 0.8241626
vn 0 -1 0
vn 0 -1 0
vn 0 -1 0
vn 0.5749148 0 0.8182133
vn 0.8182141 0 -0.5749137
vn 0 -1 0
vn -0.8182139 0 0.5749139
vn 0.8182141 0 -0.5749137
vn 0.5749148 0 0.8182133
vn 0 -1 0
vn -0.8182139 0 0.5749139
vn -0.8182139 0 0.5749139
vn 0.5749148 0 0.8182133
vn 0.8182141 0 -0.5749137
vn 0.5749148 0 0.8182133
vn 0.8182141 0 -0.5749137
vn 0 -1 0
vn 0.8182141 0 -0.5749137
vn -0.5749146 0 -0.8182135
vn -0.8182139 0 0.5749139
vn 0.5749148 0 0.8182133
vn 0 1 0
vn 0 1 0
vn 0.5749148 0 0.8182133
vn 0.8182141 0 -0.5749137
vn 0 1 0
vn -0.5749146 0 -0.8182135
vn -0.8182139 0 0.5749139
vn -0.5749146 0 -0.8182135
vn -0.8182139 0 0.5749139
vn 0 1 0
vn -0.5749146 0 -0.8182135
vn -0.5749146 0 -0.8182135
vn 0 1 0
vn 0 1 0
vn -0.5749146 0 -0.8182135
g IL_Table_sh_5_0
f 3/3/3 2/2/2 1/1/1
f 4/4/4 9/9/9 13/13/13
f 5/5/5 14/14/14 16/16/16
f 6/6/6 17/17/17 10/10/10
f 20/20/20 7/7/7 11/11/11
f 24/24/24 21/21/21 15/15/15
f 8/8/8 25/25/25 18/18/18
f 33/33/33 19/19/19 27/27/27
f 30/30/30 28/28/28 12/12/12
f 34/34/34 31/31/31 22/22/22
f 26/26/26 35/35/35 23/23/23
f 32/32/32 36/36/36 29/29/29
