g IL_Table_sh_7
v -1.934171E-05 -0.004150867 0.1797986
v 0.169149 -0.004150867 -0.06096017
v 1.92821E-05 -0.004150867 -0.1797986
v 0.169149 0.004150987 -0.06096017
v 1.92821E-05 0.004150987 -0.1797986
v -0.169149 -0.004150867 0.06096011
v -1.934171E-05 0.004150987 0.1797986
v -0.169149 0.004150987 0.06096011
v -1.934171E-05 -0.004150867 0.1797986
v -1.934171E-05 -0.004150867 0.1797986
v -1.934171E-05 -0.004150867 0.1797986
v -1.934171E-05 -0.004150867 0.1797986
v 0.169149 -0.004150867 -0.06096017
v 0.169149 -0.004150867 -0.06096017
v 0.169149 -0.004150867 -0.06096017
v 1.92821E-05 -0.004150867 -0.1797986
v 1.92821E-05 -0.004150867 -0.1797986
v 1.92821E-05 -0.004150867 -0.1797986
v 1.92821E-05 -0.004150867 -0.1797986
v 0.169149 0.004150987 -0.06096017
v 0.169149 0.004150987 -0.06096017
v 0.169149 0.004150987 -0.06096017
v 1.92821E-05 0.004150987 -0.1797986
v 1.92821E-05 0.004150987 -0.1797986
v 1.92821E-05 0.004150987 -0.1797986
v 1.92821E-05 0.004150987 -0.1797986
v -0.169149 -0.004150867 0.06096011
v -0.169149 -0.004150867 0.06096011
v -0.169149 -0.004150867 0.06096011
v -1.934171E-05 0.004150987 0.1797986
v -1.934171E-05 0.004150987 0.1797986
v -1.934171E-05 0.004150987 0.1797986
v -1.934171E-05 0.004150987 0.1797986
v -0.169149 0.004150987 0.06096011
v -0.169149 0.004150987 0.06096011
v -0.169149 0.004150987 0.06096011
vt 0.2367704 0.859844
vt 0.2367704 0.859844
vt 0.2367704 0.859844
vt 0.2367704 0.859844
vt 0.2367704 0.859844
vt 0.2367704 0.859844
vt 0.2367704 0.859844
vt 0.2367704 0.859844
vt 0.2367704 0.859844
vt 0.2367704 0.859844
vt 0.2367704 0.859844
vt 0.2367704 0.859844
vt 0.2367704 0.859844
vt 0.2367704 0.859844
vt 0.2367704 0.859844
vt 0.2367704 0.859844
vt 0.2367704 0.859844
vt 0.2367704 0.859844
vt 0.2367704 0.859844
vt 0.2367704 0.859844
vt 0.2367704 0.859844
vt 0.2367704 0.859844
vt 0.2367704 0.859844
vt 0.2367704 0.859844
vt 0.2367704 0.859844
vt 0.2367704 0.859844
vt 0.2367704 0.859844
vt 0.2367704 0.859844
vt 0.2367704 0.859844
vt 0.2367704 0.859844
vt 0.2367704 0.859844
vt 0.2367704 0.859844
vt 0.2367704 0.859844
vt 0.2367704 0.859844
vt 0.2367704 0.859844
vt 0.2367704 0.859844
vn 0 -1 0
vn 0 -1 0
vn 0 -1 0
vn 0.8182144 0 0.5749131
vn 0.5749193 0 -0.8182101
vn 0 -1 0
vn 0.8182144 0 0.5749131
vn -0.8182145 0 -0.5749131
vn 0.8182144 0 0.5749131
vn 0 -1 0
vn 0.8182144 0 0.5749131
vn -0.5749195 0 0.8182101
vn 0.8182144 0 0.5749131
vn 0.5749193 0 -0.8182101
vn 0.5749193 0 -0.8182101
vn 0.5749193 0 -0.8182101
vn 0 -1 0
vn -0.8182145 0 -0.5749131
vn -0.8182145 0 -0.5749131
vn 0.8182144 0 0.5749131
vn 0.5749193 0 -0.8182101
vn 0 1 0
vn 0.5749193 0 -0.8182101
vn -0.8182145 0 -0.5749131
vn 0 1 0
vn 0 1 0
vn -0.8182145 0 -0.5749131
vn -0.5749195 0 0.8182101
vn -0.5749195 0 0.8182101
vn -0.5749195 0 0.8182101
vn 0 1 0
vn 0 1 0
vn -0.5749195 0 0.8182101
vn -0.8182145 0 -0.5749131
vn 0 1 0
vn -0.5749195 0 0.8182101
g IL_Table_sh_7_0
f 3/3/3 2/2/2 1/1/1
f 13/13/13 4/4/4 9/9/9
f 16/16/16 5/5/5 14/14/14
f 6/6/6 17/17/17 10/10/10
f 20/20/20 7/7/7 11/11/11
f 23/23/23 21/21/21 15/15/15
f 8/8/8 24/24/24 18/18/18
f 27/27/27 34/34/34 19/19/19
f 12/12/12 30/30/30 28/28/28
f 22/22/22 25/25/25 31/31/31
f 26/26/26 35/35/35 32/32/32
f 33/33/33 36/36/36 29/29/29
