g IL_Table_sh_8
v 0.0271886 -0.004150867 0.1166375
v 0.1005039 -0.004150867 -0.0651345
v -0.02718848 -0.004150867 -0.1166375
v 0.1005039 0.004150987 -0.0651345
v -0.02718848 0.004150987 -0.1166375
v -0.1005038 -0.004150867 0.06513447
v 0.0271886 0.004150987 0.1166375
v -0.1005038 0.004150987 0.06513447
v 0.0271886 -0.004150867 0.1166375
v 0.0271886 -0.004150867 0.1166375
v 0.0271886 -0.004150867 0.1166375
v 0.0271886 -0.004150867 0.1166375
v 0.1005039 -0.004150867 -0.0651345
v 0.1005039 -0.004150867 -0.0651345
v 0.1005039 -0.004150867 -0.0651345
v -0.02718848 -0.004150867 -0.1166375
v -0.02718848 -0.004150867 -0.1166375
v -0.02718848 -0.004150867 -0.1166375
v -0.02718848 -0.004150867 -0.1166375
v 0.1005039 0.004150987 -0.0651345
v 0.1005039 0.004150987 -0.0651345
v 0.1005039 0.004150987 -0.0651345
v -0.02718848 0.004150987 -0.1166375
v -0.02718848 0.004150987 -0.1166375
v -0.02718848 0.004150987 -0.1166375
v -0.02718848 0.004150987 -0.1166375
v -0.1005038 -0.004150867 0.06513447
v -0.1005038 -0.004150867 0.06513447
v -0.1005038 -0.004150867 0.06513447
v 0.0271886 0.004150987 0.1166375
v 0.0271886 0.004150987 0.1166375
v 0.0271886 0.004150987 0.1166375
v 0.0271886 0.004150987 0.1166375
v -0.1005038 0.004150987 0.06513447
v -0.1005038 0.004150987 0.06513447
v -0.1005038 0.004150987 0.06513447
vt 0.461932 0.859844
vt 0.461932 0.859844
vt 0.461932 0.859844
vt 0.461932 0.859844
vt 0.461932 0.859844
vt 0.461932 0.859844
vt 0.461932 0.859844
vt 0.461932 0.859844
vt 0.461932 0.859844
vt 0.461932 0.859844
vt 0.461932 0.859844
vt 0.461932 0.859844
vt 0.461932 0.859844
vt 0.461932 0.859844
vt 0.461932 0.859844
vt 0.461932 0.859844
vt 0.461932 0.859844
vt 0.461932 0.859844
vt 0.461932 0.859844
vt 0.461932 0.859844
vt 0.461932 0.859844
vt 0.461932 0.859844
vt 0.461932 0.859844
vt 0.461932 0.859844
vt 0.461932 0.859844
vt 0.461932 0.859844
vt 0.461932 0.859844
vt 0.461932 0.859844
vt 0.461932 0.859844
vt 0.461932 0.859844
vt 0.461932 0.859844
vt 0.461932 0.859844
vt 0.461932 0.859844
vt 0.461932 0.859844
vt 0.461932 0.859844
vt 0.461932 0.859844
vn -2.760817E-07 -1 0
vn -2.760817E-07 -1 0
vn -2.760817E-07 -1 0
vn 0.9274054 0 0.3740578
vn 0.3740565 0 -0.9274059
vn -2.760817E-07 -1 0
vn 0.9274054 0 0.3740578
vn -0.9274054 0 -0.3740578
vn 0.9274054 0 0.3740578
vn -2.760817E-07 -1 0
vn 0.9274054 0 0.3740578
vn -0.3740565 0 0.9274059
vn 0.9274054 0 0.3740578
vn 0.3740565 0 -0.9274059
vn 0.3740565 0 -0.9274059
vn 0.3740565 0 -0.9274059
vn -2.760817E-07 -1 0
vn -0.9274054 0 -0.3740578
vn -0.9274054 0 -0.3740578
vn 0.9274054 0 0.3740578
vn 0.3740565 0 -0.9274059
vn 0 1 0
vn 0.3740565 0 -0.9274059
vn -0.9274054 0 -0.3740578
vn 0 1 0
vn 0 1 0
vn -0.9274054 0 -0.3740578
vn -0.3740565 0 0.9274059
vn -0.3740565 0 0.9274059
vn -0.3740565 0 0.9274059
vn 0 1 0
vn 0 1 0
vn -0.3740565 0 0.9274059
vn -0.9274054 0 -0.3740578
vn 0 1 0
vn -0.3740565 0 0.9274059
g IL_Table_sh_8_0
f 3/3/3 2/2/2 1/1/1
f 13/13/13 4/4/4 9/9/9
f 16/16/16 5/5/5 14/14/14
f 6/6/6 17/17/17 10/10/10
f 20/20/20 7/7/7 11/11/11
f 23/23/23 21/21/21 15/15/15
f 8/8/8 24/24/24 18/18/18
f 27/27/27 34/34/34 19/19/19
f 12/12/12 30/30/30 28/28/28
f 22/22/22 25/25/25 31/31/31
f 26/26/26 35/35/35 32/32/32
f 33/33/33 36/36/36 29/29/29
